18 1414 13 2140
39 80 47 87
37 78 137 178
33 76 182 223
33 75 380 422
32 74 426 466
32 74 471 512
31 72 516 558
29 71 622 664
28 69 668 709
27 70 759 799
25 67 804 846
24 147 848 862
18 61 1047 1088
17 59 1093 1134
16 59 1154 1195
13 53 1342 1377
8 44 1681 1715
48 86 1783 1823
43 86 1874 1916
42 85 1920 1962
42 82 1967 2008
40 82 2029 2072
84 124 47 88
83 123 92 133
83 123 138 178
81 122 183 223
81 121 225 270
82 119 291 329
80 120 336 376
76 119 381 421
79 118 427 466
77 118 471 512
74 117 517 558
75 116 623 665
74 115 667 710
73 114 713 754
71 113 759 800
71 112 805 846
72 109 866 905
69 110 911 952
67 110 957 998
60 101 1291 1333
57 96 1444 1471
92 138 1629 1671
88 132 1826 1870
90 132 1875 1917
88 130 1921 1964
86 127 2030 2073
85 126 2078 2117
130 170 4 42
130 170 48 88
128 169 93 133
127 169 138 179
127 168 184 224
123 163 472 513
115 159 804 847
108 150 1200 1242
105 147 1292 1334
103 146 1338 1379
102 145 1384 1426
101 145 1444 1487
101 140 1492 1532
141 182 1682 1719
140 182 1737 1781
137 179 1830 1871
136 178 1876 1918
132 175 1968 2012
132 173 2031 2074
131 172 2078 2118
176 215 4 42
175 216 48 89
174 214 93 134
174 214 139 179
171 213 184 225
171 213 230 271
172 213 338 378
169 211 382 423
169 208 473 513
167 209 519 560
164 205 669 710
163 203 761 800
148 193 1293 1336
148 187 1446 1474
147 186 1507 1533
182 227 1738 1780
185 226 1785 1827
183 225 1830 1873
182 224 1877 1919
180 222 1923 1965
179 221 1969 2013
178 220 2031 2078
177 218 2079 2119
221 261 5 43
220 261 48 89
219 260 94 135
218 260 139 180
218 258 185 225
217 259 230 272
217 256 338 378
209 254 473 514
210 251 670 712
208 249 761 805
204 245 959 1004
200 241 1156 1199
194 233 1454 1488
191 233 1493 1535
188 229 1630 1673
227 269 1878 1920
222 264 2080 2115
267 306 5 44
266 306 49 90
265 305 94 135
264 305 140 181
264 304 185 226
259 303 231 272
261 301 338 424
260 301 428 469
258 300 474 514
258 300 519 561
255 297 671 715
251 296 716 757
254 294 762 803
253 294 806 849
251 292 914 956
247 288 1051 1093
246 286 1098 1139
239 281 1386 1429
237 278 1494 1535
236 277 1540 1581
229 274 1673 1721
231 271 1793 1821
229 271 1831 1873
268 310 2081 2117
310 351 95 136
310 350 141 181
309 349 186 226
308 349 232 273
304 352 294 337
304 346 428 470
304 345 473 515
300 344 520 561
303 342 625 666
299 341 716 758
299 340 762 803
298 339 807 849
296 337 922 957
295 332 1059 1092
273 315 1878 1921
270 313 1971 2015
270 311 2034 2077
313 352 6 44
311 352 49 90
344 385 763 804
328 370 1495 1537
327 370 1541 1584
325 368 1587 1629
321 364 1788 1831
321 362 1834 1876
319 361 1880 1923
358 397 7 45
357 397 50 91
355 396 141 182
389 431 763 804
387 428 917 957
386 427 962 1005
383 424 1099 1142
365 407 1881 1924
361 403 2036 2079
360 402 2083 2119
403 443 7 45
402 443 51 91
401 442 96 137
401 442 141 182
400 440 187 228
399 440 233 274
396 444 295 337
400 436 342 371
431 478 766 808
434 470 1012 1041
431 467 1163 1194
422 463 1451 1495
418 455 1745 1777
407 450 2037 2081
403 446 2079 2124
448 490 8 46
448 490 51 92
449 486 99 129
446 488 141 183
445 487 187 229
481 946 1744 2031
485 527 1838 1880
480 523 2039 2084
522 560 16 47
522 559 62 92
519 561 98 140
521 558 153 183
518 560 189 230
511 970 295 570
512 555 477 520
511 554 522 565
507 967 582 860
511 552 672 716
508 550 764 807
501 962 871 1151
506 550 916 963
503 545 1055 1099
494 958 1160 1443
497 538 1300 1390
495 536 1392 1433
488 951 1451 1737
494 582 1453 1496
492 539 1499 1541
491 535 1545 1587
489 532 1637 1679
489 580 1681 1726
487 533 1745 1788
527 569 2040 2085
568 607 15 49
565 607 99 141
565 606 145 186
564 605 191 231
554 596 766 807
544 592 1098 1144
540 582 1500 1542
538 580 1546 1590
532 577 1632 1681
533 575 1793 1836
532 574 1839 1881
531 570 1978 2006
612 653 11 50
612 653 54 95
610 650 146 185
610 650 191 231
609 650 236 278
607 647 385 429
605 646 479 520
603 644 676 718
590 634 1270 1299
585 627 1454 1496
585 627 1501 1543
586 624 1549 1616
582 624 1638 1682
581 623 1685 1729
573 615 2041 2085
659 698 12 49
658 698 55 95
657 697 100 141
656 697 146 186
655 697 191 232
654 696 236 278
653 694 343 384
651 693 388 430
651 692 434 475
651 691 480 521
649 691 524 567
648 690 676 721
647 689 720 763
647 688 767 809
633 678 1456 1497
668 709 1934 1977
665 708 2043 2087
703 744 12 50
703 744 55 96
703 743 101 142
702 742 146 187
702 741 198 232
700 742 236 279
701 738 305 337
697 738 434 475
675 716 1638 1667
749 789 13 50
749 789 55 96
748 789 101 142
747 788 146 187
746 788 192 233
746 786 244 278
742 784 435 476
741 782 480 521
763 805 1798 1841
763 804 1843 1888
760 802 1936 1980
758 801 2045 2090
795 835 14 51
794 835 55 96
793 834 101 143
793 834 146 187
788 833 192 233
791 832 243 279
787 829 435 477
814 855 1570 1611
809 857 1610 1733
840 881 14 51
839 881 56 96
839 880 102 142
839 879 147 187
837 878 192 233
839 876 244 278
836 875 306 339
836 876 345 385
834 875 390 432
832 874 481 522
833 873 595 628
832 874 633 675
829 870 770 812
885 926 56 97
884 926 101 142
884 925 147 188
883 924 193 233
882 924 238 280
881 922 345 386
878 920 436 477
931 973 56 97
928 973 101 142
930 971 147 188
929 971 192 234
928 970 239 280
926 969 346 386
925 967 397 432
1000 1042 58 99
999 1042 103 144
999 1040 149 190
999 1039 195 234
1000 1037 248 279
995 1041 591 640
988 1435 882 1155
972 1416 2057 2140
1046 1087 103 144
1045 1086 149 190
1046 1085 201 229
1066 1391 1614 1646
1092 1133 149 190
1089 1178 241 282
1138 1184 58 99
1133 1183 100 148
1160 1296 1715 1725
1183 1226 58 99
1181 1224 195 236
1230 1271 59 100
1229 1271 103 146
1369 1408 60 94
1343 1387 1818 1850
