2 1282 21 4017
26 124 2571 2588
25 123 2615 2632
25 121 2638 2653
25 121 2658 2672
23 121 2679 2694
24 120 2680 2693
23 118 2723 2739
22 118 2743 2759
23 117 2765 2778
23 117 2766 2778
22 117 2787 2798
21 116 2829 2844
22 115 2830 2843
21 114 2872 2884
21 114 2872 2884
21 114 2890 2909
19 111 2958 2972
19 111 2958 2972
18 110 2977 2993
19 109 3000 3015
18 108 3044 3059
17 108 3064 3080
16 108 3084 3103
16 107 3107 3121
17 106 3107 3121
15 101 3173 3272
12 100 3277 3380
11 91 3495 3517
6 86 3707 3806
4 82 3846 3874
47 60 1373 1470
43 146 1933 2035
42 137 2111 2138
36 139 2145 2248
27 132 2358 2460
28 126 2528 2545
68 115 137 161
61 96 559 594
81 181 1026 1055
78 180 1057 1127
73 173 1173 1263
68 171 1267 1369
65 166 1377 1473
60 163 1477 1579
58 158 1588 1684
104 201 520 535
103 201 521 534
103 201 521 534
103 201 521 534
104 200 522 534
104 200 522 534
103 199 542 554
103 199 542 554
103 199 542 555
102 198 561 594
99 196 623 637
97 193 679 699
96 192 727 741
96 192 727 740
95 192 728 740
95 192 728 740
92 191 765 804
89 189 829 871
87 183 934 949
86 184 935 948
87 183 935 948
87 183 935 947
86 184 935 948
87 183 935 948
87 183 935 947
86 183 955 969
86 183 955 969
83 183 970 1022
105 210 3173 3277
102 207 3280 3384
96 200 3493 3597
93 197 3600 3704
92 194 3708 3804
95 190 3711 3754
93 190 3758 3802
89 188 3850 3874
87 187 3880 3949
86 185 3956 3999
127 224 37 49
128 223 37 50
127 224 37 49
128 223 37 50
125 222 68 97
125 220 99 111
124 219 114 131
122 219 133 163
119 215 220 234
119 215 220 234
116 211 283 315
111 206 385 399
111 206 385 398
109 205 425 437
108 204 446 458
108 204 446 458
108 204 446 458
108 204 446 458
132 232 2533 2547
132 232 2533 2547
131 231 2554 2569
131 231 2555 2568
131 231 2555 2568
132 230 2555 2568
131 231 2555 2568
131 231 2555 2568
132 230 2555 2568
129 229 2618 2635
128 228 2638 2655
127 228 2658 2678
127 227 2681 2697
127 224 2724 2742
125 225 2746 2761
126 224 2747 2760
126 224 2747 2760
126 224 2748 2760
126 224 2748 2760
124 225 2767 2781
125 224 2767 2781
125 223 2768 2781
125 223 2768 2781
125 224 2786 2802
122 222 2832 2848
121 221 2853 2869
120 221 2872 2892
121 220 2893 2909
120 218 2940 2953
120 218 2940 2953
119 218 2940 2954
118 218 2960 2976
118 215 2983 2997
118 217 3000 3016
115 215 3046 3063
115 213 3067 3084
113 214 3088 3103
114 213 3107 3125
154 251 1885 1898
152 251 1905 1930
148 250 1936 2038
140 244 2148 2251
140 239 2255 2304
139 238 2306 2356
134 237 2360 2464
133 231 2512 2529
133 231 2533 2547
133 231 2533 2546
173 276 1270 1371
169 272 1375 1476
165 269 1480 1582
170 266 1483 1510
162 265 1585 1687
160 259 1693 1723
161 257 1724 1740
159 257 1740 1761
159 256 1762 1780
207 305 523 536
207 305 523 536
204 303 562 598
203 298 627 641
203 298 627 641
202 298 667 683
200 298 687 701
201 297 687 700
202 297 687 700
201 297 688 699
200 297 728 743
201 296 729 742
198 296 750 763
199 295 750 763
199 293 772 802
194 292 832 867
194 290 874 887
194 290 874 887
194 290 875 886
194 290 875 886
190 289 937 951
191 288 937 950
190 287 958 970
191 284 979 1014
187 284 1038 1054
184 282 1057 1128
203 307 3497 3601
200 299 3713 3738
200 298 3740 3760
192 297 3851 3954
196 294 3853 3878
192 292 3958 4003
233 324 15 36
227 326 69 119
225 324 118 166
214 309 400 420
233 331 2682 2702
232 332 2727 2744
232 330 2749 2763
231 331 2750 2763
231 331 2750 2763
231 328 2770 2786
229 330 2789 2806
228 328 2836 2851
230 326 2837 2850
230 326 2837 2850
227 327 2856 2873
228 327 2875 2893
225 326 2896 2916
225 325 2942 2957
223 324 2985 2999
223 324 2985 2999
223 324 2985 2999
223 324 2985 2999
224 323 2986 2999
224 323 2986 2999
224 323 2986 2999
224 323 2986 2999
223 323 3005 3021
224 322 3007 3019
224 322 3007 3019
221 321 3050 3066
222 321 3065 3085
221 320 3089 3107
219 319 3112 3128
213 316 3176 3280
209 313 3283 3387
253 356 1938 2041
253 352 2045 2098
251 350 2098 2147
247 350 2151 2254
240 343 2363 2467
240 338 2514 2530
239 337 2533 2551
238 336 2557 2572
237 335 2579 2593
237 335 2579 2593
235 335 2621 2637
234 334 2642 2659
234 332 2665 2680
283 381 1176 1266
278 380 1272 1374
281 379 1273 1301
280 378 1303 1342
279 376 1343 1366
276 374 1383 1477
270 373 1482 1584
266 370 1588 1690
262 366 1694 1797
259 358 1843 1882
259 355 1903 1933
311 409 525 539
311 409 525 538
311 409 525 538
312 408 525 538
312 408 525 538
311 409 525 539
311 409 525 538
311 409 525 538
312 408 525 538
312 408 525 538
312 408 526 537
312 408 526 537
310 408 545 558
310 408 545 558
310 408 545 558
311 407 546 558
311 407 546 557
308 408 564 601
308 404 628 645
307 403 648 662
307 403 649 661
305 404 667 684
306 402 670 681
304 401 689 704
303 402 730 747
302 399 751 767
300 400 769 808
300 395 835 873
298 395 876 894
297 394 896 910
297 394 897 910
296 392 938 952
295 392 958 974
293 391 979 1015
290 390 1030 1059
288 388 1061 1131
309 413 3500 3604
311 407 3610 3633
303 408 3714 3818
301 402 3857 3881
301 399 3904 3955
299 399 3962 4003
336 431 6 34
336 430 41 54
336 430 41 54
333 428 81 101
332 427 102 116
331 426 121 139
327 424 184 199
326 423 203 221
326 422 224 237
325 421 244 258
322 420 275 322
319 418 325 372
318 414 390 405
315 415 406 444
316 412 447 462
337 437 2752 2767
337 436 2775 2787
337 436 2775 2787
334 434 2838 2855
333 432 2860 2877
334 433 2878 2896
333 431 2901 2917
332 430 2946 2962
332 431 2964 2981
330 430 2987 3003
327 428 3054 3069
327 427 3073 3090
326 426 3094 3111
325 426 3116 3131
325 426 3117 3130
326 425 3117 3130
325 426 3117 3130
326 425 3117 3130
319 423 3179 3283
315 419 3287 3390
313 417 3393 3497
359 461 1941 2044
359 454 2104 2147
352 455 2154 2257
351 450 2262 2347
345 449 2367 2470
344 444 2518 2534
346 442 2539 2554
343 443 2561 2574
343 443 2561 2574
344 442 2561 2574
344 442 2562 2573
342 442 2581 2596
343 441 2582 2595
342 440 2625 2642
340 440 2647 2661
341 439 2647 2661
339 439 2667 2683
340 438 2687 2704
339 437 2731 2746
338 436 2754 2766
338 436 2754 2766
338 435 2794 2809
387 487 1197 1270
385 483 1277 1363
379 482 1380 1482
374 479 1485 1587
371 475 1590 1693
369 470 1698 1789
364 461 1886 1908
416 512 527 540
416 512 527 540
416 513 527 539
414 513 547 561
414 513 547 560
414 513 547 561
414 513 547 560
415 512 548 560
415 512 548 560
414 511 567 601
412 508 631 648
410 507 671 689
410 507 689 704
407 506 734 747
407 506 734 747
407 506 734 747
407 506 734 747
408 505 735 747
408 505 735 747
408 505 735 747
408 505 735 747
407 505 752 768
407 504 774 792
406 503 794 808
406 503 795 807
404 501 839 851
404 501 839 851
404 498 880 895
402 499 899 911
399 498 941 955
399 498 941 955
400 497 942 955
400 497 942 955
400 498 942 954
399 495 962 1016
396 493 1046 1060
392 494 1064 1134
413 517 3610 3714
409 514 3717 3821
409 508 3859 3890
408 507 3892 3925
405 505 3966 4006
439 534 18 36
435 533 74 122
434 530 120 141
432 530 144 168
431 527 188 200
429 524 246 264
427 522 288 321
425 521 328 342
425 521 329 341
424 520 344 362
421 519 390 429
421 517 429 444
441 542 2796 2815
440 540 2842 2861
441 540 2862 2877
440 539 2882 2900
438 537 2905 2922
438 538 2950 2965
438 537 2951 2964
438 537 2951 2964
438 537 2968 2987
437 536 2991 3004
437 536 2991 3004
435 536 3013 3027
435 536 3013 3027
436 535 3013 3027
435 536 3013 3027
435 536 3013 3027
436 535 3013 3027
436 535 3013 3025
436 535 3014 3027
436 535 3014 3027
435 533 3056 3072
433 532 3077 3095
433 533 3096 3114
433 532 3117 3135
425 529 3182 3286
422 526 3290 3393
419 523 3396 3500
418 517 3505 3599
468 570 1850 1910
468 567 1909 1940
464 567 1944 2047
462 564 2051 2153
458 561 2157 2260
454 558 2263 2367
451 554 2370 2474
450 548 2539 2558
449 548 2563 2579
449 547 2584 2600
447 545 2649 2665
446 544 2692 2706
446 544 2692 2706
446 544 2693 2706
446 544 2693 2706
444 544 2733 2752
444 542 2753 2772
444 542 2776 2790
444 542 2776 2790
491 594 1171 1273
488 591 1277 1379
484 587 1383 1484
480 584 1488 1590
477 580 1594 1696
472 576 1699 1803
470 567 1888 1908
521 616 527 543
520 617 530 541
520 617 530 541
520 616 548 562
519 615 569 602
515 614 632 650
514 613 653 667
514 613 653 667
515 612 654 666
515 612 654 666
515 612 654 666
515 612 654 666
515 611 672 691
513 612 692 707
513 612 693 706
514 611 693 706
514 611 693 706
512 610 735 749
513 610 736 748
511 610 756 770
511 610 756 770
512 609 756 769
512 609 756 769
512 609 757 769
509 609 774 812
509 606 840 854
509 606 841 853
508 605 857 874
509 604 880 894
505 602 944 956
505 602 944 956
504 601 965 980
504 600 983 1021
500 599 1037 1062
497 598 1066 1136
520 623 3613 3717
516 621 3720 3824
513 616 3860 3963
511 613 3966 4009
540 638 45 59
540 638 45 59
541 637 46 58
541 637 46 58
540 634 77 124
537 634 126 144
536 633 145 171
535 631 185 202
533 629 230 243
533 629 247 262
531 626 290 324
529 625 329 345
527 625 351 374
526 623 392 407
525 622 414 430
525 621 431 445
525 621 431 445
523 621 453 466
524 620 453 466
524 620 454 466
546 647 2847 2861
547 646 2847 2859
547 645 2863 2882
545 644 2887 2905
546 645 2906 2922
544 642 2973 2990
542 643 2996 3009
542 643 2996 3009
544 641 2996 3009
542 643 2997 3008
542 643 2997 3008
542 642 3015 3031
541 640 3060 3075
542 639 3061 3073
541 639 3080 3096
539 638 3123 3137
539 638 3123 3137
532 636 3186 3290
529 633 3293 3397
526 630 3399 3503
528 629 3402 3427
525 624 3509 3576
525 621 3579 3607
570 673 1947 2050
567 670 2053 2157
563 667 2160 2263
561 660 2337 2369
557 661 2373 2477
557 655 2526 2540
557 655 2526 2539
557 652 2548 2561
555 655 2565 2582
554 654 2584 2603
553 651 2653 2669
552 651 2670 2688
552 650 2694 2710
551 649 2739 2754
550 649 2756 2773
549 648 2782 2795
548 648 2802 2816
548 648 2802 2816
596 699 1174 1276
596 695 1282 1307
594 693 1329 1370
589 692 1385 1487
585 689 1491 1593
582 686 1596 1699
578 682 1702 1806
574 675 1852 1891
574 674 1891 1913
574 673 1915 1942
625 721 530 544
625 721 530 544
625 722 530 544
623 720 551 566
623 720 572 585
623 719 587 608
621 717 634 652
620 717 654 668
620 717 654 668
620 717 655 667
620 717 655 667
618 717 675 688
619 716 676 689
619 716 676 688
619 715 695 710
618 715 696 709
618 715 696 709
616 714 758 773
616 714 759 772
616 714 759 772
617 713 759 772
617 713 759 772
616 714 759 772
616 714 759 772
617 713 759 772
617 713 759 772
614 714 777 814
613 710 843 875
612 709 883 901
612 709 901 917
610 707 946 958
610 706 946 960
607 705 984 1032
601 703 1068 1139
623 727 3723 3827
621 723 3875 3893
619 718 3983 3998
619 718 3984 3997
645 741 47 61
644 742 48 60
642 740 78 124
641 737 148 161
639 735 191 204
639 735 192 203
637 734 230 245
635 731 292 307
634 730 331 345
633 729 351 365
629 726 415 430
650 751 2956 2971
650 750 2974 2993
649 749 2997 3014
649 748 3017 3033
647 747 3061 3079
646 747 3084 3099
647 746 3085 3097
647 746 3086 3097
646 745 3104 3121
646 744 3125 3141
638 743 3189 3293
635 740 3296 3399
640 736 3300 3343
639 735 3348 3396
632 736 3403 3506
637 734 3406 3428
629 734 3510 3613
626 730 3616 3720
675 778 1950 2053
673 776 2056 2160
669 773 2163 2266
665 771 2268 2374
663 767 2376 2480
663 761 2529 2543
663 761 2529 2543
662 761 2550 2563
662 761 2550 2562
660 761 2568 2587
660 758 2635 2651
658 758 2655 2695
658 756 2698 2713
657 756 2742 2758
656 754 2782 2800
654 754 2804 2822
653 752 2851 2865
652 752 2870 2886
653 752 2885 2908
652 750 2912 2927
651 751 2913 2926
652 750 2914 2926
698 800 1282 1384
702 798 1284 1309
701 798 1316 1351
700 797 1353 1370
695 797 1388 1490
691 794 1493 1596
688 791 1599 1701
684 787 1705 1808
687 786 1706 1734
680 781 1855 1895
680 780 1899 1916
679 779 1919 1944
728 827 533 546
728 827 533 546
728 827 533 546
729 826 533 546
729 826 533 545
728 827 533 546
728 827 533 546
728 827 533 546
729 826 533 546
729 826 533 545
729 826 534 545
729 826 534 545
729 826 551 567
729 825 553 565
729 824 572 591
726 825 593 608
727 824 594 607
727 824 594 607
726 821 639 652
724 821 677 694
722 821 698 712
723 820 698 711
722 821 698 712
723 820 698 711
721 820 740 754
721 820 740 754
721 820 741 754
721 820 741 753
722 819 741 754
721 820 741 754
721 820 741 753
722 819 741 754
721 818 761 774
721 817 780 818
717 816 845 862
713 813 883 902
715 812 947 961
713 812 964 982
711 811 987 1036
710 809 1041 1067
706 809 1070 1141
729 828 3870 3894
729 826 3903 3934
749 846 27 43
748 846 48 63
749 845 49 62
749 845 49 62
749 845 50 62
749 845 50 62
747 844 90 106
747 843 109 123
746 842 126 144
745 841 150 164
741 837 252 267
741 837 253 266
741 837 253 266
741 837 254 266
741 837 254 266
738 835 316 328
736 833 354 380
734 832 387 415
733 831 417 456
732 829 457 472
732 829 458 471
732 829 458 471
756 855 2981 2997
756 855 2996 3017
754 856 3016 3039
753 852 3084 3103
754 852 3104 3122
751 852 3130 3146
745 849 3192 3296
742 846 3299 3403
741 843 3406 3436
740 841 3435 3498
739 835 3569 3613
733 837 3619 3723
732 833 3727 3777
732 830 3797 3828
782 884 1953 2056
779 882 2059 2163
775 879 2166 2269
772 876 2273 2376
769 874 2379 2483
769 868 2531 2545
769 867 2552 2567
767 866 2595 2609
764 864 2657 2718
764 863 2701 2715
764 863 2702 2715
763 862 2746 2763
761 863 2764 2784
761 862 2783 2803
762 860 2803 2824
760 858 2848 2868
759 858 2869 2890
759 857 2891 2910
758 856 2915 2932
806 910 1179 1281
803 906 1285 1386
800 904 1390 1492
797 901 1496 1598
793 897 1602 1704
790 894 1708 1812
785 887 1858 1949
834 932 533 550
832 931 555 568
832 931 555 568
833 930 556 567
833 930 556 567
833 930 556 567
833 930 556 567
831 929 575 610
829 927 638 655
828 926 679 694
827 926 699 712
828 925 699 712
828 925 700 712
828 925 700 711
826 925 743 756
827 924 743 755
825 924 763 777
825 924 763 777
825 924 763 776
826 923 763 777
826 923 764 776
823 924 778 829
823 920 847 864
821 921 865 882
821 918 908 920
822 918 908 922
819 917 950 965
819 916 965 988
816 917 989 1038
816 913 1054 1068
816 913 1055 1067
813 913 1072 1142
837 937 3799 3832
833 937 3869 3972
833 932 3987 4012
856 948 31 48
852 950 51 65
852 950 51 65
853 949 51 65
852 950 52 64
853 949 52 64
852 947 83 111
850 946 132 146
850 946 133 145
849 945 152 167
845 941 254 269
845 941 255 268
845 941 255 268
844 939 296 316
842 939 317 333
842 938 337 352
841 938 355 370
841 938 356 369
839 935 400 433
863 964 2962 2978
863 962 2984 2999
863 961 3004 3021
861 961 3024 3053
860 959 3071 3085
860 959 3072 3085
859 958 3088 3148
851 956 3195 3299
849 953 3302 3406
846 950 3409 3512
842 947 3516 3619
839 944 3623 3726
839 939 3732 3799
887 991 1955 2059
885 988 2062 2166
881 985 2169 2272
878 982 2275 2379
876 980 2382 2486
875 975 2536 2549
876 974 2536 2548
875 974 2538 2550
875 974 2538 2550
874 975 2557 2571
875 974 2557 2571
875 974 2557 2571
874 975 2557 2571
875 974 2557 2571
875 974 2557 2571
874 973 2572 2595
872 974 2596 2616
870 971 2657 2728
870 968 2748 2765
868 969 2769 2788
867 968 2792 2806
867 968 2792 2806
868 967 2792 2806
868 967 2793 2806
868 967 2793 2806
868 967 2810 2825
865 963 2894 2934
913 1013 1194 1283
909 1013 1287 1389
905 1008 1393 1495
902 1006 1498 1601
905 1005 1501 1530
904 1003 1532 1568
904 1002 1568 1588
899 1002 1605 1707
895 999 1710 1815
890 994 1848 1952
941 1039 461 477
937 1036 537 551
938 1035 537 550
937 1036 537 551
938 1035 537 550
936 1036 557 571
936 1036 557 570
936 1036 557 571
936 1036 557 570
937 1035 558 570
937 1035 558 570
936 1033 598 610
936 1033 598 610
934 1031 642 678
933 1030 681 698
931 1031 699 717
931 1030 744 758
931 1030 744 758
932 1029 745 757
932 1029 745 757
930 1029 765 779
931 1028 765 778
931 1028 765 778
931 1028 766 777
928 1029 779 820
927 1026 848 864
928 1025 850 861
928 1025 850 861
929 1024 869 881
926 1024 888 904
927 1023 909 922
926 1024 910 922
925 1022 952 967
924 1023 953 966
925 1022 954 966
923 1022 973 991
921 1022 991 1040
921 1020 1045 1071
918 1019 1076 1144
940 1040 3900 3975
939 1039 3980 4014
956 1054 52 67
956 1054 53 66
957 1053 53 66
956 1054 53 66
957 1053 53 66
957 1053 54 66
957 1053 54 66
955 1052 96 108
955 1052 97 108
955 1052 97 108
954 1050 134 148
954 1050 135 147
953 1050 156 167
950 1053 193 258
948 1044 299 316
946 1045 319 337
945 1044 340 356
945 1041 359 373
967 1069 3007 3057
965 1068 3060 3133
967 1064 3111 3127
964 1065 3136 3162
958 1062 3199 3302
958 1058 3308 3358
956 1056 3361 3396
952 1057 3412 3516
949 1053 3519 3622
952 1052 3520 3548
946 1051 3626 3729
943 1048 3732 3836
943 1042 3874 3900
993 1097 1958 2062
991 1095 2065 2169
988 1092 2172 2275
985 1089 2278 2382
982 1086 2385 2490
982 1081 2536 2554
981 1080 2561 2577
981 1079 2581 2617
977 1077 2666 2703
976 1077 2703 2724
975 1076 2748 2768
975 1074 2772 2791
975 1074 2791 2810
973 1074 2816 2843
972 1072 2859 2899
969 1071 2899 2950
971 1069 2964 2983
970 1069 2987 3002
1018 1119 1195 1285
1016 1116 1291 1360
1016 1113 1365 1390
1011 1115 1395 1498
1008 1112 1501 1604
1004 1108 1607 1710
1002 1105 1713 1818
999 1099 1864 1901
999 1096 1901 1953
1048 1144 406 423
1048 1144 424 457
1046 1143 461 478
1042 1141 539 553
1042 1141 539 552
1043 1140 539 552
1043 1140 539 552
1043 1140 540 551
1041 1139 559 575
1040 1140 578 615
1039 1137 644 656
1039 1137 644 656
1037 1137 682 699
1036 1135 745 760
1035 1134 767 781
1035 1134 767 780
1035 1134 767 780
1036 1133 767 780
1035 1134 767 781
1035 1134 767 780
1035 1134 767 780
1036 1133 767 780
1034 1134 786 827
1033 1131 869 884
1032 1129 892 909
1031 1129 912 924
1031 1129 913 926
1031 1129 913 925
1031 1129 913 926
1031 1129 913 925
1029 1129 953 970
1028 1128 975 993
1026 1127 993 1042
1025 1126 1046 1075
1026 1123 1080 1098
1024 1123 1097 1147
1046 1151 3875 3978
1045 1147 3984 4016
1060 1158 56 68
1060 1158 56 68
1059 1157 95 111
1060 1156 97 109
1060 1156 97 109
1058 1156 117 131
1058 1156 117 130
1059 1155 117 130
1058 1156 117 131
1058 1156 117 130
1059 1155 117 130
1058 1156 118 130
1059 1155 118 130
1058 1156 118 130
1059 1155 118 130
1058 1155 137 149
1057 1154 158 171
1054 1151 238 252
1051 1150 302 316
1052 1149 302 316
1052 1149 303 316
1052 1149 303 315
1052 1149 317 334
1051 1148 341 355
1051 1148 341 355
1050 1147 362 377
1050 1147 363 375
1072 1173 3093 3156
1064 1169 3201 3306
1060 1166 3309 3410
1059 1163 3416 3519
1056 1160 3522 3624
1053 1158 3628 3732
1050 1155 3735 3838
1097 1202 2068 2172
1095 1199 2175 2278
1091 1196 2282 2386
1089 1193 2388 2492
1089 1187 2542 2559
1082 1187 2636 2740
1084 1182 2713 2726
1082 1184 2744 2771
1082 1182 2777 2792
1081 1182 2797 2813
1078 1179 2851 2921
1078 1177 2921 2945
1076 1176 3013 3026
1075 1172 3078 3094
1122 1226 1186 1290
1120 1224 1292 1394
1117 1221 1398 1501
1114 1218 1504 1607
1117 1214 1577 1602
1111 1215 1610 1713
1108 1213 1716 1824
1102 1207 1854 1959
1100 1204 1961 2065
1148 1246 541 554
1146 1246 562 578
1146 1245 582 616
1145 1241 647 661
1145 1241 667 680
1144 1240 687 701
1144 1239 707 728
1143 1238 748 763
1140 1239 768 789
1139 1238 790 827
1138 1236 854 870
1138 1236 873 886
1138 1236 874 885
1137 1235 893 911
1137 1235 914 926
1137 1235 915 926
1135 1234 957 970
1135 1234 958 969
1135 1233 976 992
1132 1230 1050 1080
1129 1231 1080 1149
1163 1265 19 83
1168 1260 48 61
1164 1262 98 113
1161 1261 140 152
1162 1260 140 152
1162 1260 140 152
1161 1260 159 183
1159 1256 222 255
1159 1255 260 275
1156 1255 303 323
1155 1253 365 379
1155 1253 365 378
1368 1474 3212 3317
1369 1470 3285 3316
1365 1471 3319 3424
1370 1467 3323 3368
1367 1467 3372 3422
1364 1465 3429 3518
1359 1464 3534 3639
1359 1457 3716 3732
1355 1454 3801 3841
1347 1453 3892 3996
1351 1449 3906 3939
1350 1448 3944 3961
1349 1448 3963 3994
1396 1501 2288 2391
1393 1498 2394 2499
1388 1494 2534 2639
1386 1490 2642 2746
1387 1484 2752 2777
1384 1484 2784 2852
1379 1484 2857 2961
1375 1482 2963 3070
1372 1478 3071 3177
1376 1473 3128 3162
1425 1524 1416 1431
1424 1523 1457 1472
1424 1523 1458 1471
1424 1523 1458 1471
1423 1523 1480 1493
1423 1523 1481 1492
1423 1520 1515 1540
1422 1518 1566 1610
1419 1519 1625 1643
1418 1518 1649 1665
1418 1517 1690 1710
1416 1516 1731 1751
1415 1515 1757 1772
1415 1515 1758 1771
1416 1514 1759 1770
1415 1513 1797 1811
1409 1514 1861 1965
1406 1511 1967 2071
1402 1506 2074 2178
1401 1502 2189 2272
1450 1548 545 560
1450 1548 546 559
1449 1545 609 630
1444 1545 649 736
1443 1543 743 773
1442 1540 810 840
1439 1539 858 916
1438 1538 919 945
1435 1538 951 1051
1431 1536 1055 1157
1431 1530 1204 1219
1431 1530 1205 1218
1431 1530 1205 1218
1431 1528 1247 1259
1429 1528 1269 1282
1429 1527 1269 1282
1429 1528 1269 1282
1429 1527 1269 1282
1428 1527 1311 1327
1427 1526 1348 1367
1426 1525 1375 1398
1465 1559 60 76
1463 1561 102 114
1461 1562 115 136
1461 1560 160 175
1459 1557 263 278
1457 1557 304 321
1456 1556 323 341
1457 1555 344 361
1455 1555 368 381
1455 1555 368 381
1455 1555 368 381
1456 1554 368 381
1455 1555 368 381
1455 1555 368 381
1455 1555 368 381
1456 1554 368 381
1456 1554 369 381
1456 1554 369 380
1456 1554 369 381
1456 1554 369 380
1453 1550 472 496
1476 1581 3216 3320
1473 1577 3323 3427
1477 1575 3325 3373
1475 1574 3375 3425
1470 1575 3431 3535
1467 1571 3538 3642
1471 1569 3540 3566
1471 1568 3569 3586
1467 1564 3721 3736
1461 1565 3753 3858
1465 1564 3755 3780
1465 1562 3783 3801
1464 1561 3805 3842
1455 1560 3895 3999
1455 1556 4003 4025
1503 1608 2291 2395
1503 1603 2399 2501
1496 1600 2538 2643
1494 1594 2679 2722
1493 1592 2755 2782
1491 1592 2781 2856
1486 1591 2860 2965
1487 1586 2981 2995
1488 1585 2982 2994
1486 1584 2996 3059
1484 1583 3077 3104
1483 1582 3107 3129
1482 1581 3132 3167
1533 1632 1355 1372
1532 1633 1378 1394
1532 1631 1419 1433
1530 1631 1440 1455
1530 1631 1441 1454
1531 1630 1442 1454
1531 1628 1462 1476
1531 1628 1462 1476
1530 1629 1481 1496
1528 1629 1523 1544
1528 1628 1543 1563
1527 1627 1567 1586
1525 1626 1633 1647
1526 1625 1633 1647
1526 1625 1633 1647
1526 1625 1634 1646
1526 1623 1675 1687
1524 1624 1694 1720
1522 1621 1756 1799
1516 1620 1864 1968
1516 1616 1972 2074
1509 1613 2077 2181
1509 1608 2197 2275
1554 1654 568 586
1554 1653 588 603
1555 1652 589 602
1555 1652 589 601
1555 1652 589 602
1555 1652 589 601
1554 1652 610 623
1554 1652 610 622
1554 1652 610 623
1554 1652 610 622
1552 1652 652 667
1552 1652 653 666
1553 1651 653 666
1553 1651 653 666
1552 1652 653 666
1553 1651 653 666
1553 1651 653 666
1551 1651 673 687
1551 1651 673 686
1552 1650 674 686
1552 1650 674 686
1550 1650 713 728
1550 1650 714 727
1551 1649 714 727
1551 1649 714 727
1550 1648 757 775
1549 1647 797 811
1548 1646 819 831
1548 1646 819 831
1547 1644 861 916
1545 1643 922 947
1541 1643 953 1054
1538 1641 1058 1160
1537 1637 1207 1223
1539 1635 1209 1221
1538 1640 1224 1248
1535 1636 1243 1265
1537 1634 1269 1285
1534 1633 1314 1331
1534 1634 1334 1351
1568 1667 61 85
1568 1666 102 119
1568 1665 123 137
1568 1665 123 137
1568 1666 141 157
1566 1665 163 177
1566 1665 163 177
1567 1664 164 175
1567 1664 164 175
1566 1663 206 220
1566 1663 206 220
1565 1664 207 219
1566 1663 207 219
1565 1664 207 219
1566 1663 207 219
1565 1663 226 239
1565 1662 246 260
1564 1662 267 279
1564 1662 267 279
1562 1662 310 327
1562 1661 329 343
1562 1661 329 342
1563 1660 329 342
1562 1661 329 343
1562 1661 329 342
1563 1660 329 342
1562 1661 330 342
1563 1660 330 342
1562 1661 330 342
1563 1660 330 342
1562 1661 344 363
1561 1661 368 385
1560 1658 412 427
1560 1657 432 451
1559 1657 453 466
1559 1657 454 466
1559 1657 474 485
1559 1657 474 485
1579 1684 3327 3431
1577 1682 3434 3538
1579 1676 3544 3568
1575 1676 3574 3645
1569 1674 3651 3751
1567 1673 3756 3861
1570 1669 3808 3847
1562 1667 3898 4002
1563 1664 3969 4001
1602 1707 2541 2646
1605 1705 2542 2571
1597 1701 2655 2745
1600 1699 2758 2784
1597 1698 2783 2860
1593 1698 2864 2968
1590 1694 2971 3075
1593 1693 2972 3004
1591 1689 3080 3108
1584 1687 3219 3312
1585 1681 3330 3374
1634 1735 1530 1545
1634 1734 1550 1567
1634 1733 1570 1585
1633 1734 1571 1584
1634 1733 1571 1584
1634 1733 1571 1583
1633 1732 1593 1607
1633 1732 1593 1607
1632 1731 1637 1650
1632 1731 1637 1649
1631 1732 1656 1670
1632 1731 1656 1670
1631 1730 1678 1691
1631 1730 1678 1691
1630 1731 1698 1711
1631 1730 1698 1712
1631 1730 1698 1711
1631 1730 1699 1710
1628 1729 1762 1778
1627 1728 1804 1818
1628 1727 1804 1818
1628 1727 1804 1818
1627 1728 1804 1818
1628 1727 1804 1818
1628 1727 1804 1818
1622 1727 1867 1971
1620 1723 1974 2078
1616 1720 2081 2184
1616 1715 2190 2289
1610 1714 2294 2398
1610 1709 2403 2503
1659 1759 591 605
1659 1759 591 605
1659 1759 591 605
1659 1759 591 605
1659 1759 592 604
1659 1759 592 604
1659 1758 611 637
1659 1757 653 669
1656 1756 696 713
1655 1753 779 793
1655 1753 780 793
1655 1751 798 818
1653 1753 820 845
1651 1751 863 920
1647 1750 955 1057
1650 1748 968 983
1650 1748 969 982
1644 1747 1060 1163
1643 1743 1210 1224
1644 1743 1210 1223
1644 1742 1210 1224
1643 1743 1210 1224
1644 1743 1210 1223
1644 1742 1210 1224
1644 1742 1211 1223
1644 1742 1211 1223
1642 1743 1232 1246
1643 1742 1232 1245
1642 1743 1232 1246
1643 1742 1232 1245
1644 1741 1232 1244
1642 1743 1233 1245
1643 1742 1233 1245
1642 1743 1233 1245
1643 1742 1233 1245
1642 1741 1251 1268
1641 1742 1272 1287
1641 1742 1273 1286
1641 1742 1273 1286
1642 1741 1274 1286
1642 1741 1274 1286
1640 1741 1316 1332
1640 1740 1337 1353
1639 1739 1377 1394
1639 1736 1422 1435
1638 1737 1423 1435
1638 1737 1423 1435
1637 1737 1443 1459
1637 1736 1464 1477
1637 1736 1464 1477
1636 1735 1486 1503
1635 1734 1531 1543
1673 1772 63 77
1673 1772 63 77
1673 1772 64 76
1674 1771 64 76
1673 1772 64 76
1674 1771 64 76
1672 1772 106 119
1672 1772 106 118
1672 1772 106 119
1672 1772 106 118
1673 1771 107 118
1673 1771 107 118
1672 1771 125 139
1673 1770 125 138
1672 1771 125 139
1673 1770 125 138
1672 1771 143 158
1671 1770 165 179
1671 1770 165 179
1671 1770 166 179
1671 1770 166 179
1672 1769 166 178
1672 1769 166 178
1671 1770 166 179
1671 1770 166 179
1672 1769 166 178
1672 1769 166 178
1670 1769 209 223
1670 1769 209 222
1671 1768 209 222
1671 1768 210 222
1670 1768 230 242
1669 1768 248 263
1669 1768 249 262
1670 1767 249 262
1670 1767 250 262
1668 1768 269 282
1669 1767 269 281
1668 1768 269 282
1669 1767 269 281
1667 1768 310 327
1667 1767 331 345
1667 1767 331 345
1669 1765 332 344
1666 1766 350 367
1666 1765 371 387
1667 1765 373 385
1667 1765 373 385
1666 1763 416 428
1665 1762 450 469
1663 1763 475 500
1660 1760 551 566
1661 1759 552 564
1660 1758 569 585
1660 1758 591 605
1660 1758 591 605
1660 1758 592 604
1660 1758 592 604
1684 1789 3437 3541
1681 1784 3592 3649
1678 1783 3652 3757
1676 1777 3809 3864
1672 1773 3902 3931
1671 1772 3931 3973
1671 1771 3972 3992
1670 1770 4011 4027
1709 1814 2544 2649
1703 1808 2759 2864
1707 1806 2762 2787
1701 1805 2867 2971
1697 1801 2974 3079
1693 1798 3081 3186
1690 1795 3222 3327
1687 1792 3330 3434
1686 1783 3548 3572
1738 1839 1637 1653
1737 1838 1658 1674
1736 1837 1701 1715
1736 1837 1701 1715
1737 1836 1701 1715
1736 1837 1701 1715
1736 1837 1701 1715
1737 1836 1701 1715
1737 1836 1702 1714
1737 1836 1702 1713
1737 1836 1702 1714
1737 1836 1702 1713
1735 1835 1766 1778
1735 1835 1766 1778
1734 1835 1783 1804
1734 1834 1808 1820
1729 1833 1870 1974
1728 1829 1978 2075
1723 1826 2084 2187
1717 1821 2297 2401
1714 1819 2404 2509
1763 1863 658 672
1763 1863 658 672
1762 1863 676 693
1763 1861 699 713
1763 1861 699 712
1762 1860 719 732
1762 1860 719 732
1762 1860 720 731
1762 1860 720 731
1761 1859 762 775
1760 1858 796 819
1758 1859 820 849
1758 1855 866 921
1757 1854 923 952
1753 1856 958 1059
1751 1852 1075 1164
1749 1849 1201 1228
1749 1849 1232 1249
1748 1849 1254 1268
1748 1849 1254 1268
1749 1848 1254 1267
1750 1847 1254 1267
1748 1848 1273 1290
1748 1847 1318 1335
1746 1847 1340 1355
1745 1846 1362 1377
1746 1845 1363 1375
1746 1845 1363 1375
1745 1846 1381 1396
1746 1845 1382 1395
1744 1843 1425 1440
1744 1843 1427 1439
1743 1843 1446 1462
1742 1843 1463 1481
1743 1841 1487 1504
1741 1841 1533 1549
1741 1840 1548 1568
1739 1839 1572 1590
1739 1840 1594 1610
1740 1837 1639 1651
1740 1837 1639 1651
1739 1835 1681 1698
1778 1877 66 80
1778 1877 66 79
1779 1876 66 79
1779 1876 66 79
1777 1877 107 121
1777 1877 107 121
1777 1877 108 121
1778 1876 108 121
1778 1876 108 120
1777 1877 108 121
1778 1876 108 121
1778 1876 108 120
1778 1876 109 120
1778 1876 109 120
1776 1877 126 142
1777 1876 128 140
1777 1876 128 140
1778 1875 128 140
1777 1876 128 140
1777 1876 128 140
1778 1875 128 140
1776 1876 147 161
1776 1876 147 161
1777 1875 147 160
1778 1874 147 160
1776 1876 148 161
1777 1875 148 160
1777 1875 148 160
1776 1876 148 161
1777 1875 148 160
1777 1875 148 160
1776 1875 167 180
1776 1875 167 180
1777 1874 167 181
1776 1875 168 180
1776 1875 168 180
1777 1874 168 180
1777 1874 168 180
1776 1875 168 180
1776 1875 168 180
1777 1874 168 180
1777 1874 168 180
1776 1873 208 225
1776 1874 229 245
1774 1873 248 265
1774 1872 271 284
1774 1872 271 284
1773 1873 314 327
1774 1872 314 327
1773 1873 314 327
1774 1872 314 327
1772 1873 314 327
1773 1872 314 327
1774 1871 314 326
1773 1871 333 347
1772 1872 334 347
1772 1872 334 347
1773 1871 334 347
1772 1872 334 347
1772 1872 334 347
1773 1871 334 347
1772 1872 335 346
1772 1872 335 346
1772 1872 353 367
1772 1872 353 367
1773 1871 354 367
1773 1871 354 367
1773 1871 372 388
1771 1868 477 503
1768 1864 552 571
1766 1864 573 586
1766 1864 573 586
1765 1864 591 608
1764 1864 614 628
1764 1864 614 627
1764 1864 614 627
1765 1863 614 627
1764 1864 614 628
1764 1864 614 627
1764 1864 614 627
1765 1863 614 627
1765 1863 615 627
1765 1863 615 626
1765 1863 615 627
1765 1863 615 626
1785 1890 3655 3760
1786 1885 3765 3792
1785 1885 3794 3811
1785 1884 3813 3834
1783 1885 3836 3854
1780 1879 3907 3954
1779 1878 3956 3975
1779 1878 3975 3995
1777 1877 4014 4030
1813 1917 2656 2760
1810 1915 2763 2867
1814 1913 2765 2796
1807 1912 2871 2975
1804 1908 2978 3082
1801 1906 3085 3190
1798 1902 3226 3323
1794 1899 3333 3437
1791 1896 3441 3545
1790 1893 3548 3599
1836 1940 1873 1977
1833 1937 1981 2084
1829 1933 2087 2190
1829 1928 2204 2285
1824 1928 2300 2404
1820 1925 2407 2512
1816 1921 2548 2653
1819 1918 2550 2581
1866 1965 783 800
1866 1964 805 822
1864 1961 869 924
1862 1960 931 955
1859 1962 960 1062
1855 1959 1066 1168
1855 1956 1215 1230
1855 1956 1216 1229
1856 1955 1216 1229
1855 1956 1216 1229
1856 1955 1216 1229
1857 1954 1216 1228
1856 1955 1235 1253
1854 1955 1257 1271
1855 1954 1257 1270
1854 1954 1277 1293
1853 1952 1322 1338
1853 1952 1343 1362
1852 1952 1364 1380
1851 1952 1384 1399
1851 1952 1385 1398
1852 1951 1385 1398
1852 1951 1385 1397
1851 1952 1385 1398
1852 1951 1385 1398
1852 1951 1385 1397
1850 1950 1428 1444
1849 1950 1449 1464
1849 1950 1450 1463
1849 1950 1450 1463
1850 1949 1450 1463
1850 1949 1450 1463
1849 1950 1450 1463
1849 1950 1450 1463
1850 1949 1450 1463
1850 1949 1450 1463
1849 1949 1468 1486
1848 1949 1490 1504
1849 1948 1490 1504
1849 1948 1490 1504
1848 1949 1490 1504
1849 1948 1490 1504
1849 1948 1490 1504
1850 1947 1491 1503
1850 1947 1491 1503
1847 1948 1535 1551
1846 1947 1573 1591
1845 1945 1640 1656
1845 1944 1662 1676
1845 1944 1662 1675
1843 1945 1680 1699
1843 1944 1702 1718
1843 1942 1747 1766
1842 1941 1769 1784
1842 1941 1790 1803
1842 1941 1790 1802
1842 1941 1790 1803
1842 1941 1790 1802
1883 1982 68 81
1883 1982 68 80
1884 1981 68 81
1882 1982 110 123
1882 1982 110 122
1883 1981 110 122
1883 1981 110 122
1883 1981 110 124
1883 1981 110 123
1882 1982 110 123
1883 1981 111 122
1882 1980 129 144
1882 1981 130 143
1882 1981 130 142
1882 1981 131 142
1881 1981 150 163
1883 1980 150 163
1881 1981 150 163
1883 1980 150 163
1880 1982 150 164
1882 1980 150 163
1881 1980 169 184
1881 1981 170 183
1881 1981 170 183
1881 1980 171 183
1882 1980 171 182
1882 1979 171 183
1881 1980 171 183
1882 1980 171 182
1882 1979 171 183
1881 1978 213 227
1881 1978 214 226
1880 1977 253 268
1879 1977 274 287
1877 1978 315 331
1878 1978 317 329
1879 1977 317 329
1879 1977 317 329
1878 1977 335 350
1878 1977 337 349
1876 1977 355 371
1877 1977 357 369
1878 1976 357 369
1877 1977 357 369
1878 1976 357 369
1876 1977 377 389
1877 1976 377 389
1877 2081 377 391
1877 1974 409 433
1876 1973 459 474
1874 1973 479 507
1873 1969 556 570
1871 1970 575 590
1871 1969 595 610
1870 1970 596 609
1871 1969 596 609
1871 1968 613 628
1868 1968 680 695
1868 1968 681 694
1869 1967 681 694
1869 1967 681 694
1868 1968 681 694
1869 1967 681 694
1869 1967 681 694
1868 1967 700 739
1892 1990 3821 3858
1884 1989 3907 4011
1886 1986 3943 3956
1886 1985 3958 3979
1886 1985 3980 4009
1884 1984 4017 4030
1916 2022 2766 2870
1914 2019 2874 2978
1916 2013 2984 3011
1915 2011 3017 3070
1910 2011 3089 3182
1904 2010 3229 3334
1901 2006 3336 3441
1905 2003 3338 3386
1898 2003 3444 3548
1895 2000 3551 3656
1900 1997 3554 3579
1893 1997 3659 3763
1894 1991 3781 3812
1942 2046 1876 1980
1936 2043 1984 2086
1936 2041 2090 2194
1935 2037 2198 2289
1931 2035 2304 2407
1930 2030 2413 2508
1922 2028 2551 2656
1970 2070 828 852
1966 2073 858 959
1966 2067 964 1052
1966 2063 1070 1141
1965 2061 1145 1167
1962 2062 1214 1233
1961 2062 1239 1253
1962 2061 1239 1253
1961 2062 1239 1253
1962 2061 1239 1253
1960 2061 1260 1275
1962 2060 1261 1274
1960 2059 1280 1297
1959 2060 1327 1339
1959 2060 1327 1339
1959 2058 1345 1362
1959 2058 1367 1381
1959 2058 1367 1381
1957 2059 1385 1408
1956 2057 1431 1446
1957 2054 1452 1467
1955 2056 1472 1487
1955 2056 1473 1486
1956 2055 1473 1486
1956 2055 1473 1486
1955 2056 1473 1486
1956 2055 1473 1486
1956 2055 1473 1486
1955 2054 1494 1509
1954 2054 1537 1553
1954 2053 1559 1576
1953 2052 1599 1615
1951 2052 1644 1662
1952 2051 1661 1681
1950 2051 1684 1700
1952 2049 1686 1698
1952 2049 1686 1698
1949 2051 1706 1720
1949 2051 1706 1720
1949 2051 1706 1720
1949 2051 1706 1720
1950 2050 1707 1720
1950 2050 1707 1719
1950 2050 1707 1720
1950 2050 1707 1719
1951 2049 1707 1719
1950 2050 1749 1765
1948 2049 1771 1786
1949 2048 1772 1785
1950 2047 1773 1785
1949 2049 1786 1806
1947 2048 1813 1839
1989 2086 50 63
1989 2086 51 62
1989 2087 69 83
1989 2086 70 83
1987 2087 112 127
1988 2086 113 125
1988 2086 113 125
1988 2086 113 125
1985 2087 151 168
1985 2083 214 235
1985 2083 275 290
1984 2083 277 289
1984 2083 277 289
1985 2082 278 289
1985 2082 278 289
1982 2083 337 354
1982 2082 380 391
1982 2082 380 391
1982 2078 411 440
1981 2078 482 497
1977 2075 559 571
1977 2075 559 570
1975 2076 596 618
1974 2075 617 646
1974 2074 663 680
1974 2072 683 698
1973 2073 703 721
1972 2073 722 744
1973 2071 762 781
1972 2070 786 801
1972 2070 787 800
1973 2069 809 824
1996 2101 3769 3874
1993 2095 3911 3961
1992 2093 3961 4007
2021 2126 2877 2981
2021 2121 2985 3017
2021 2119 3018 3075
2018 2116 3143 3187
2012 2117 3232 3337
2008 2113 3340 3444
2008 2109 3448 3498
2008 2107 3499 3549
2003 2108 3554 3659
2000 2104 3662 3766
2005 2102 3665 3688
2000 2099 3771 3799
1998 2098 3818 3842
1997 2098 3839 3873
2042 2147 2093 2197
2043 2142 2202 2290
2038 2142 2307 2411
2036 2138 2415 2510
2029 2135 2554 2659
2026 2132 2662 2766
2024 2128 2769 2873
2029 2126 2772 2795
2073 2176 861 962
2071 2173 966 1067
2068 2172 1071 1174
2068 2167 1221 1238
2067 2168 1243 1257
2067 2168 1243 1257
2068 2167 1243 1257
2067 2168 1243 1257
2067 2168 1243 1257
2068 2167 1243 1257
2068 2167 1244 1256
2068 2167 1244 1256
2068 2166 1263 1278
2066 2167 1284 1297
2067 2166 1284 1298
2067 2166 1284 1297
2066 2167 1284 1297
2067 2166 1284 1298
2067 2166 1284 1297
2067 2166 1285 1297
2067 2166 1285 1297
2066 2166 1327 1343
2065 2166 1349 1364
2066 2165 1350 1363
2066 2165 1350 1363
2065 2165 1369 1385
2065 2164 1390 1405
2062 2164 1432 1450
2062 2163 1454 1469
2062 2163 1455 1468
2063 2162 1455 1467
2062 2163 1455 1468
2063 2162 1455 1467
2064 2161 1455 1468
2061 2163 1473 1492
2061 2162 1495 1511
2060 2159 1582 1601
2059 2159 1600 1619
2058 2159 1646 1660
2059 2158 1646 1660
2060 2157 1647 1659
2058 2157 1668 1685
2058 2157 1689 1703
2056 2156 1708 1726
2049 2154 1879 1983
2049 2148 1988 2077
2094 2191 71 85
2094 2191 71 85
2092 2192 114 129
2092 2191 135 147
2092 2191 135 147
2091 2188 219 231
2090 2188 234 271
2088 2188 272 305
2089 2188 321 335
2089 2188 321 335
2088 2188 322 334
2088 2188 322 333
2089 2187 322 334
2088 2188 322 334
2088 2188 322 333
2089 2187 322 334
2088 2188 341 354
2088 2188 341 354
2088 2188 341 354
2088 2188 341 355
2088 2188 342 354
2089 2187 342 353
2088 2188 342 354
2089 2187 342 353
2088 2188 342 354
2089 2187 342 353
2087 2186 381 396
2087 2187 382 394
2087 2187 382 394
2087 2187 382 394
2087 2184 425 443
2087 2184 445 482
2083 2180 561 599
2082 2180 600 615
2082 2180 601 614
2080 2181 619 648
2080 2180 664 679
2080 2180 665 678
2081 2179 665 678
2081 2179 665 677
2080 2180 665 678
2081 2179 665 678
2081 2179 665 677
2080 2178 687 703
2079 2177 727 740
2078 2177 768 804
2078 2176 790 803
2077 2176 811 855
2098 2203 3914 4017
2099 2199 4021 4035
2098 2199 4023 4034
2123 2227 3095 3199
2118 2224 3235 3340
2121 2222 3236 3286
2121 2220 3287 3307
2120 2219 3310 3337
2115 2220 3343 3447
2113 2218 3450 3555
2116 2216 3455 3478
2109 2214 3558 3662
2113 2210 3615 3659
2107 2212 3665 3770
2106 2207 3774 3827
2106 2206 3828 3843
2105 2205 3847 3865
2102 2201 3916 3962
2150 2254 2096 2200
2150 2249 2205 2274
2145 2249 2310 2414
2142 2246 2417 2522
2137 2241 2557 2662
2134 2238 2665 2769
2130 2236 2773 2877
2135 2233 2775 2800
2129 2233 2880 2984
2128 2227 3021 3037
2127 2227 3037 3057
2177 2279 969 1070
2175 2278 1074 1176
2174 2275 1224 1239
2174 2275 1225 1238
2175 2274 1225 1238
2174 2275 1225 1238
2175 2274 1225 1238
2175 2274 1226 1237
2175 2274 1226 1237
2174 2274 1244 1260
2173 2274 1266 1281
2172 2274 1284 1303
2172 2273 1330 1345
2172 2273 1331 1344
2173 2272 1331 1344
2174 2271 1331 1343
2173 2272 1332 1343
2171 2272 1352 1366
2171 2272 1352 1366
2172 2271 1353 1366
2172 2271 1353 1365
2172 2271 1353 1366
2172 2271 1353 1365
2171 2272 1371 1387
2172 2269 1394 1405
2170 2269 1437 1451
2170 2269 1437 1451
2168 2270 1455 1473
2168 2269 1478 1493
2170 2268 1494 1512
2169 2267 1542 1556
2169 2267 1542 1556
2167 2266 1564 1579
2167 2266 1565 1578
2167 2266 1565 1578
2167 2266 1585 1599
2167 2266 1585 1599
2166 2265 1603 1620
2165 2265 1649 1663
2164 2265 1667 1684
2164 2264 1692 1704
2163 2264 1711 1727
2164 2263 1713 1725
2165 2262 1713 1725
2164 2263 1713 1725
2165 2262 1713 1725
2162 2263 1756 1771
2162 2263 1757 1770
2163 2262 1757 1770
2163 2262 1757 1769
2162 2263 1757 1770
2163 2262 1757 1770
2163 2262 1757 1769
2161 2263 1777 1791
2161 2263 1777 1791
2162 2262 1778 1791
2162 2262 1778 1791
2162 2262 1817 1835
2156 2261 1882 1986
2153 2257 1989 2093
2198 2296 76 89
2197 2297 118 129
2196 2294 220 234
2197 2292 241 256
2195 2292 281 296
2194 2294 323 336
2194 2294 323 336
2193 2294 324 337
2195 2293 324 336
2195 2292 324 336
2193 2294 324 337
2195 2293 324 336
2195 2292 324 336
2193 2293 344 356
2193 2293 344 356
2192 2291 416 444
2192 2289 447 482
2191 2289 489 502
2188 2286 583 599
2186 2286 624 649
2185 2284 667 684
2186 2284 688 706
2185 2283 729 744
2184 2282 771 790
2183 2282 791 807
2183 2281 812 826
2183 2281 813 825
2181 2279 877 935
2181 2277 940 962
2229 2334 3098 3203
2229 2329 3242 3268
2222 2328 3346 3451
2220 2325 3454 3558
2217 2322 3561 3666
2222 2318 3564 3609
2219 2318 3619 3660
2213 2320 3667 3774
2211 2316 3776 3881
2215 2313 3778 3803
2209 2308 3918 3964
2208 2307 3966 3986
2206 2307 3986 4019
2257 2361 2099 2203
2255 2357 2207 2309
2252 2356 2313 2417
2248 2353 2420 2525
2244 2348 2560 2665
2248 2347 2562 2590
2238 2342 2776 2880
2236 2340 2883 2987
2236 2334 3004 3019
2235 2334 3024 3039
2236 2333 3026 3038
2236 2333 3047 3059
2235 2332 3064 3080
2283 2386 971 1073
2281 2383 1076 1179
2280 2381 1228 1242
2280 2381 1228 1242
2281 2380 1229 1242
2281 2380 1229 1241
2281 2380 1229 1242
2281 2380 1229 1241
2280 2380 1248 1262
2280 2380 1248 1262
2281 2379 1249 1261
2281 2379 1249 1261
2280 2379 1268 1282
2281 2378 1268 1282
2280 2380 1269 1282
2281 2379 1269 1282
2280 2380 1269 1282
2281 2379 1269 1282
2279 2380 1289 1303
2279 2380 1289 1303
2280 2379 1290 1302
2280 2379 1290 1302
2280 2379 1290 1302
2280 2379 1290 1302
2278 2379 1334 1348
2279 2378 1334 1348
2278 2379 1334 1348
2279 2378 1334 1348
2279 2378 1335 1347
2279 2378 1335 1347
2278 2378 1354 1371
2277 2378 1375 1389
2277 2378 1375 1389
2277 2378 1394 1410
2278 2377 1396 1408
2275 2377 1438 1456
2275 2376 1460 1475
2274 2376 1479 1497
2274 2375 1502 1516
2275 2374 1502 1516
2274 2375 1502 1516
2275 2374 1502 1516
2273 2374 1546 1561
2273 2374 1567 1581
2273 2374 1567 1581
2274 2373 1567 1581
2274 2373 1567 1580
2273 2374 1567 1581
2273 2374 1567 1581
2274 2373 1567 1581
2274 2373 1567 1580
2273 2374 1568 1581
2273 2374 1568 1581
2272 2371 1652 1672
2272 2370 1672 1687
2270 2371 1694 1709
2271 2370 1695 1707
2271 2370 1695 1707
2271 2370 1713 1728
2270 2369 1759 1773
2270 2369 1759 1773
2268 2370 1778 1796
2268 2369 1801 1815
2269 2368 1801 1815
2269 2368 1802 1815
2270 2367 1802 1814
2267 2369 1820 1836
2263 2367 1885 1989
2260 2364 1992 2096
2301 2398 243 257
2301 2398 243 257
2300 2398 265 278
2299 2400 326 341
2298 2398 367 379
2298 2398 367 379
2298 2395 419 484
2297 2395 491 504
2297 2395 491 503
2293 2393 566 580
2294 2392 566 580
2294 2392 566 580
2294 2392 567 579
2294 2392 583 599
2293 2391 606 621
2292 2392 607 620
2293 2391 607 620
2292 2392 607 620
2293 2391 607 620
2293 2391 608 619
2293 2391 608 619
2292 2392 626 652
2292 2390 670 685
2292 2390 691 704
2292 2390 692 703
2290 2389 711 756
2290 2387 775 813
2289 2387 815 831
2289 2387 837 861
2285 2387 867 968
2335 2437 3243 3313
2335 2434 3314 3335
2330 2434 3350 3454
2326 2433 3457 3563
2324 2429 3565 3669
2321 2426 3672 3776
2318 2423 3779 3884
2312 2417 3919 4022
2361 2465 2209 2313
2358 2462 2316 2420
2356 2460 2423 2528
2351 2455 2563 2668
2345 2450 2779 2883
2342 2447 2886 2990
2345 2442 2960 2987
2344 2441 3008 3021
2342 2442 3023 3042
2342 2441 3048 3063
2341 2440 3066 3090
2337 2441 3101 3206
2387 2490 1079 1182
2387 2487 1230 1246
2386 2486 1251 1267
2386 2486 1270 1287
2386 2485 1292 1306
2386 2485 1292 1306
2387 2484 1293 1306
2385 2485 1336 1351
2385 2485 1337 1350
2386 2484 1337 1349
2385 2485 1337 1350
2386 2484 1337 1349
2384 2485 1357 1372
2384 2485 1358 1371
2385 2484 1358 1370
2384 2485 1358 1371
2385 2484 1358 1370
2384 2483 1378 1394
2383 2484 1399 1413
2384 2483 1399 1413
2383 2484 1399 1413
2384 2483 1399 1413
2382 2483 1442 1456
2383 2482 1442 1456
2382 2483 1442 1456
2383 2482 1442 1456
2383 2482 1443 1455
2383 2482 1443 1455
2382 2482 1463 1478
2381 2482 1484 1498
2381 2482 1484 1498
2382 2481 1484 1498
2382 2481 1484 1497
2381 2482 1484 1498
2381 2482 1484 1498
2382 2481 1484 1498
2382 2481 1484 1497
2382 2481 1484 1498
2383 2480 1484 1497
2381 2482 1485 1498
2381 2482 1485 1498
2380 2481 1503 1521
2380 2481 1549 1563
2381 2480 1549 1562
2381 2480 1549 1562
2380 2481 1549 1563
2381 2480 1549 1562
2381 2480 1549 1562
2381 2480 1549 1563
2381 2480 1549 1562
2381 2480 1550 1562
2381 2479 1569 1588
2380 2477 1610 1631
2379 2477 1653 1672
2378 2477 1676 1690
2378 2477 1676 1690
2377 2478 1696 1711
2377 2478 1697 1710
2377 2478 1697 1710
2377 2477 1697 1710
2378 2477 1698 1710
2378 2477 1698 1710
2376 2476 1718 1734
2377 2477 1760 1776
2375 2476 1782 1798
2377 2474 1784 1795
2376 2475 1803 1817
2376 2475 1803 1817
2375 2474 1824 1839
2370 2474 1888 1992
2370 2469 1997 2091
2363 2468 2102 2206
2409 2505 43 95
2405 2503 287 300
2405 2503 330 342
2404 2504 330 343
2405 2503 330 343
2401 2504 420 520
2400 2497 569 603
2399 2497 608 623
2399 2497 609 622
2398 2496 673 687
2398 2496 674 686
2397 2495 690 708
2395 2496 712 761
2397 2492 780 814
2395 2492 837 863
2393 2490 882 935
2392 2490 939 968
2389 2492 974 1076
2388 2486 1232 1244
2440 2545 3245 3350
2436 2542 3353 3457
2434 2539 3461 3565
2432 2536 3568 3671
2429 2533 3675 3779
2425 2530 3783 3887
2419 2524 3921 4025
2467 2572 2213 2315
2465 2569 2319 2423
2462 2567 2426 2531
2458 2562 2566 2671
2462 2559 2571 2598
2452 2556 2782 2886
2450 2554 2890 2993
2450 2549 3005 3030
2449 2548 3027 3067
2448 2548 3068 3087
2444 2548 3104 3209
2493 2596 1082 1185
2494 2592 1234 1248
2494 2592 1234 1248
2492 2593 1255 1267
2492 2593 1255 1267
2494 2590 1256 1268
2492 2592 1274 1290
2493 2591 1276 1288
2493 2591 1276 1288
2492 2591 1296 1310
2493 2590 1296 1309
2492 2591 1297 1310
2492 2591 1297 1310
2492 2591 1339 1353
2492 2591 1339 1353
2491 2591 1360 1375
2491 2591 1361 1374
2492 2590 1361 1373
2491 2591 1361 1374
2492 2590 1361 1373
2491 2590 1381 1395
2491 2590 1381 1395
2490 2590 1401 1416
2490 2590 1402 1415
2491 2589 1402 1415
2491 2589 1402 1414
2490 2590 1402 1415
2491 2589 1402 1415
2491 2589 1402 1414
2490 2587 1446 1458
2489 2588 1447 1460
2489 2588 1447 1460
2488 2589 1466 1480
2488 2589 1466 1480
2489 2588 1467 1479
2489 2588 1467 1479
2489 2588 1467 1479
2489 2588 1467 1479
2487 2588 1487 1502
2487 2588 1488 1501
2488 2587 1488 1500
2487 2588 1488 1501
2488 2587 1488 1500
2487 2588 1507 1523
2486 2587 1552 1567
2486 2587 1573 1589
2486 2586 1592 1609
2485 2586 1614 1628
2486 2585 1614 1628
2486 2585 1615 1628
2485 2584 1658 1676
2484 2583 1678 1695
2483 2584 1701 1715
2483 2584 1701 1715
2483 2584 1702 1714
2484 2583 1702 1714
2483 2584 1702 1714
2484 2583 1702 1714
2483 2584 1720 1736
2484 2583 1722 1734
2484 2583 1722 1734
2483 2582 1765 1779
2483 2582 1765 1779
2483 2582 1765 1779
2484 2581 1766 1779
2482 2581 1785 1802
2481 2582 1805 1822
2481 2582 1827 1841
2482 2581 1827 1841
2482 2581 1827 1840
2476 2581 1891 1995
2473 2577 1998 2102
2470 2574 2105 2209
2514 2610 45 97
2511 2608 218 247
2511 2607 249 314
2510 2609 332 346
2510 2609 332 346
2509 2610 333 345
2510 2608 333 345
2506 2601 573 607
2505 2602 610 625
2503 2603 627 657
2502 2603 675 693
2503 2601 696 713
2502 2601 715 762
2502 2599 780 835
2500 2598 841 866
2496 2599 872 973
2495 2598 977 1079
2551 2655 3107 3211
2547 2652 3248 3353
2544 2649 3356 3461
2541 2646 3464 3568
2538 2643 3571 3675
2536 2641 3678 3782
2532 2638 3786 3891
2527 2631 3924 4028
2577 2682 2108 2213
2574 2679 2216 2319
2573 2677 2323 2427
2569 2674 2429 2534
2565 2669 2569 2674
2561 2666 2678 2781
2559 2664 2785 2889
2557 2661 2893 2996
2554 2658 3000 3104
2603 2705 874 976
2601 2704 980 1082
2599 2702 1085 1186
2600 2699 1237 1253
2599 2699 1258 1271
2598 2699 1277 1294
2599 2699 1297 1313
2599 2697 1343 1355
2598 2697 1363 1381
2597 2697 1385 1398
2598 2696 1385 1398
2598 2696 1404 1418
2597 2696 1405 1418
2597 2696 1405 1418
2595 2696 1449 1466
2594 2696 1469 1483
2595 2695 1469 1483
2594 2696 1469 1483
2595 2695 1469 1483
2595 2695 1470 1482
2595 2695 1470 1482
2594 2695 1490 1505
2594 2695 1491 1504
2594 2695 1491 1504
2595 2694 1492 1504
2595 2694 1492 1504
2593 2695 1512 1526
2594 2694 1512 1526
2593 2695 1512 1526
2594 2694 1512 1526
2594 2694 1513 1525
2594 2694 1513 1525
2593 2694 1554 1570
2594 2693 1556 1568
2594 2693 1556 1568
2594 2694 1574 1591
2592 2693 1597 1611
2593 2692 1597 1611
2593 2692 1597 1610
2593 2692 1614 1634
2593 2691 1660 1679
2590 2692 1682 1695
2591 2691 1683 1696
2591 2691 1684 1695
2590 2691 1702 1719
2590 2690 1724 1742
2590 2690 1765 1783
2589 2689 1786 1806
2589 2687 1830 1844
2583 2688 1894 1999
2580 2685 2001 2105
2616 2717 45 113
2614 2715 219 319
2617 2713 223 249
2611 2713 425 526
2611 2707 637 658
2609 2707 672 764
2605 2707 770 871
2607 2706 772 802
2844 2893 46 469
2867 2972 3362 3467
2865 2970 3470 3574
2862 2967 3578 3682
2859 2964 3685 3789
2856 2961 3792 3897
2860 2958 3797 3819
2851 2956 3932 4037
2893 2996 2330 2434
2890 2994 2437 2541
2886 2994 2576 2681
2884 2989 2684 2789
2881 2986 2792 2896
2879 2983 2899 3003
2875 2982 3006 3111
2873 2978 3114 3219
2870 2975 3255 3359
2918 3020 886 987
2917 3019 991 1092
2915 3017 1095 1198
2914 3016 1234 1336
2912 3015 1340 1442
2910 3013 1445 1548
2908 3011 1551 1654
2907 3009 1658 1761
2905 3007 1764 1868
2902 3005 1903 2007
2900 3003 2010 2113
2897 3000 2117 2220
2895 2999 2223 2327
2928 3027 51 125
2930 3026 54 70
2930 3025 75 95
2927 3027 162 175
2927 3027 162 175
2928 3027 163 175
2928 3026 163 175
2926 3026 234 329
2927 3025 346 362
2926 3026 348 360
2926 3026 348 360
2926 3026 349 360
2926 3026 349 360
2926 3026 367 380
2926 3026 367 380
2926 3026 368 380
2926 3026 368 380
2927 3025 368 380
2927 3025 368 380
2926 3026 368 380
2926 3026 368 380
2927 3025 368 380
2927 3025 368 380
2926 3026 388 401
2926 3026 388 400
2927 3025 388 400
2927 3025 388 400
2926 3026 388 401
2926 3026 388 400
2927 3025 388 400
2927 3025 388 400
2927 3024 389 400
2925 3025 440 535
2927 3023 447 462
2924 3022 587 598
2924 3022 587 598
2924 3023 625 639
2924 3023 625 639
2922 3023 627 639
2922 3023 627 639
2923 3022 627 639
2922 3023 647 660
2922 3023 647 660
2922 3023 647 660
2922 3023 647 660
2923 3022 647 661
2923 3022 648 660
2923 3022 648 660
2923 3022 648 659
2923 3022 648 660
2923 3022 648 660
2923 3022 648 659
2923 3022 648 660
2921 3022 731 745
2921 3022 731 744
2922 3021 731 744
2922 3021 731 744
2921 3022 731 745
2921 3022 731 744
2922 3021 731 744
2922 3021 731 744
2922 3021 751 765
2922 3021 751 765
2921 3022 751 765
2921 3021 794 809
2921 3021 795 808
2921 3021 795 808
2922 3020 795 808
2922 3020 795 808
2921 3021 795 808
2921 3021 795 808
2922 3020 795 808
2922 3020 795 808
2922 3021 813 828
2923 3020 814 827
2923 3020 814 827
2920 3021 836 849
2920 3021 836 848
2920 3021 836 849
2920 3021 836 848
2921 3020 837 848
2921 3020 837 848
2921 3020 837 848
2921 3020 837 848
2920 3021 855 869
2920 3021 855 869
2920 3020 856 869
2921 3020 856 868
2920 3020 856 869
2921 3020 856 868
2982 3009 3261 3358
2975 3006 3475 3564
2966 3002 3797 3896
2961 2999 3937 4036
3014 3036 1769 1867
3009 3033 2014 2113
3007 3032 2121 2220
3003 3026 2336 2432
3001 3023 2442 2540
2994 3021 2689 2788
3024 3050 1005 1092
